,0,1,2,3,4,5,6
0,1.0,0.14,0.31,0.31,0.39,-0.08,0.14
1,0.14,1.0,0.78,0.77,0.24,-0.13,0.35
2,0.31,0.78,1.0,0.97,0.55,-0.11,0.29
3,0.31,0.77,0.97,1.0,0.46,-0.07,0.25
4,0.39,0.24,0.55,0.46,1.0,-0.05,0.17
5,-0.08,-0.13,-0.11,-0.07,-0.05,1.0,-0.17
6,0.14,0.35,0.29,0.25,0.17,-0.17,1.0
