,0,1,2,3,4,5,6
0,1.0,1.0,0.46,0.99,0.28,-0.58,0.97
1,1.0,1.0,0.47,0.99,0.28,-0.56,0.97
2,0.46,0.47,1.0,0.46,0.18,-0.35,0.49
3,0.99,0.99,0.46,1.0,0.28,-0.61,0.97
4,0.28,0.28,0.18,0.28,1.0,-0.18,0.23
5,-0.58,-0.56,-0.35,-0.61,-0.18,1.0,-0.58
6,0.97,0.97,0.49,0.97,0.23,-0.58,1.0
