,0,1,2,3,4,5,6
0,1.0,1.0,0.67,0.99,0.39,-0.02,0.98
1,1.0,1.0,0.67,0.99,0.39,-0.03,0.98
2,0.67,0.67,1.0,0.68,0.28,-0.05,0.67
3,0.99,0.99,0.68,1.0,0.39,-0.04,0.99
4,0.39,0.39,0.28,0.39,1.0,-0.0,0.36
5,-0.02,-0.03,-0.05,-0.04,-0.0,1.0,-0.05
6,0.98,0.98,0.67,0.99,0.36,-0.05,1.0
