,0,1,2,3,4,5,6
0,1.0,1.0,0.85,0.99,-0.0,0.24,0.99
1,1.0,1.0,0.85,0.99,0.01,0.24,0.99
2,0.85,0.85,1.0,0.87,-0.02,0.24,0.85
3,0.99,0.99,0.87,1.0,0.01,0.25,0.99
4,-0.0,0.01,-0.02,0.01,1.0,0.23,0.02
5,0.24,0.24,0.24,0.25,0.23,1.0,0.25
6,0.99,0.99,0.85,0.99,0.02,0.25,1.0
